user,intime
1,2022-09-13 14:55:07.372
2,2022-09-13 14:55:07.377
3,2022-09-13 14:55:07.383
4,2022-09-13 14:55:07.389
5,2022-09-13 14:55:07.396
6,2022-09-13 14:55:07.402
7,2022-09-13 14:55:07.409
8,2022-09-13 14:55:07.418
9,2022-09-13 14:55:07.424
10,2022-09-13 14:55:07.436
11,2022-09-13 14:55:07.443
12,2022-09-13 14:55:07.449
13,2022-09-13 14:55:07.457
14,2022-09-13 14:55:07.470
15,2022-09-13 14:55:07.477
